-72.90506311193933 24.781348943710327 2.129852294921875 136 0 BEMBEMNR 
-72.90052014057724 4.076255798339844 0.5145158767700195 116 0 BEMBEMR 
-72.900506658121 4.590064287185669 0.9140040874481201 268 0 BEMBEM3T 
-72.9124091669315 6.310729503631592 0.18836379051208496 240 0 FEMBEMNR 
-72.91249847332436 4.0580174922943115 0.5009579658508301 380 0 FEMBEMR 
-72.25087812009158 4.403213977813721 0.8115499019622803 759 0 FEMBEM3T 
-72.8015197581564 4.700847864151001 2.705599069595337 237 0 BEMBEMBEM80 
-68.36980172675226 3.942512273788452 2.115190029144287 136 0 BEMBEMBEM10 
-72.81257673701921 2.5346312522888184 0.17467093467712402 64 0 BEMFEMBEMC80 
-68.45702316494192 2.58691143989563 0.2987375259399414 103 0 BEMFEMBEMC10 
-72.27990399675191 2.6833958625793457 0.16705703735351562 58 0 BEMFEMBEMVL 
-68.29221765138584 2.5962514877319336 0.24117279052734375 90 0 BEMFEMBEMVR 
-72.66646532831848 4.607643365859985 0.9366161823272705 114 1 BEMBEMNR 
-72.66486711438431 4.433787822723389 0.5720508098602295 94 1 BEMBEMR 
-72.66485940712377 5.332148551940918 1.2742204666137695 290 1 BEMBEM3T 
-72.67499734058468 4.3619704246521 0.24140644073486328 260 1 FEMBEMNR 
-72.6750126605098 4.643850803375244 0.6892857551574707 440 1 FEMBEMR 
-72.2749250500507 5.301492929458618 1.2768728733062744 857 1 FEMBEM3T 
-72.56339032774946 6.244327545166016 3.878418207168579 188 1 BEMBEMBEM80 
-68.1682591835726 5.459100723266602 3.1914165019989014 128 1 BEMBEMBEM10 
-72.57235898581929 3.110518455505371 0.31041717529296875 80 1 BEMFEMBEMC80 
-68.23970516266391 3.2755515575408936 0.3830296993255615 95 1 BEMFEMBEMC10 
-72.04496759454102 3.4275805950164795 0.25594329833984375 68 1 BEMFEMBEMVL 
-68.0757647070809 3.1612985134124756 0.3417835235595703 96 1 BEMFEMBEMVR 
-72.53829455376058 6.049833059310913 2.0779104232788086 56 2 BEMBEMNR 
-72.53777281343179 6.093685865402222 0.8788847923278809 42 2 BEMBEMR 
-72.53778160751811 8.4203462600708 3.2765166759490967 326 2 BEMBEM3T 
-72.54065998317779 4.781190633773804 0.428377628326416 227 2 FEMBEMNR 
-72.54027820684942 6.47143030166626 1.64823317527771 480 2 FEMBEMR 
-72.2817336111379 8.367842674255371 2.9480464458465576 900 2 FEMBEM3T 
-72.4354256252892 9.742907285690308 7.299254417419434 95 2 BEMBEMBEM80 
-68.05843632930775 9.790459394454956 7.0862181186676025 112 2 BEMBEMBEM10 
-72.44077154395585 6.1589155197143555 2.1069631576538086 125 2 BEMFEMBEMC80 
-68.10207304401095 6.020797252655029 1.9290344715118408 114 2 BEMFEMBEMC10 
-71.8172715084653 9.071783781051636 1.8021948337554932 105 2 BEMFEMBEMVL 
-67.9379183220425 6.455472469329834 1.9501383304595947 115 2 BEMFEMBEMVR 
-72.47918155770579 10.37175178527832 5.046291351318359 52 3 BEMBEMNR 
-72.47902021287732 9.340029001235962 2.7256360054016113 41 3 BEMBEMR 
-72.47902017117046 25.01047110557556 17.45504093170166 362 3 BEMBEM3T 
-72.4790321116506 12.961954832077026 6.528556823730469 484 3 FEMBEMNR 
-72.47894381789678 30.50103783607483 23.34394598007202 859 3 FEMBEMR 
-72.28955330699903 44.62330985069275 36.67413377761841 1280 3 FEMBEM3T 
-72.37642092902284 25.475682258605957 21.655880212783813 80 3 BEMBEMBEM80 
-68.00802383164638 26.42587399482727 22.70893359184265 101 3 BEMBEMBEM10 
-72.37965689123696 21.35871958732605 13.450007200241089 173 3 BEMFEMBEMC80 
-68.03398896084222 19.239604234695435 11.159337043762207 128 3 BEMFEMBEMC10 
-71.66450150788668 33.607513666152954 11.198554754257202 141 3 BEMFEMBEMVL 
-67.86955687260168 20.41799235343933 12.251108407974243 129 3 BEMFEMBEMVR 
-72.44791447439506 22.708279609680176 16.050172805786133 53 4 BEMBEMNR 
-72.44786760609765 22.37302827835083 11.197490692138672 46 4 BEMBEMR 
-72.44787482503783 66.08314871788025 51.097625970840454 340 4 BEMBEM3T 
-72.44815900327504 34.0663104057312 22.999423027038574 360 4 FEMBEMNR 
-72.44974269127245 68.27603673934937 54.49732494354248 660 4 FEMBEMR 
-72.29490673206077 74.61985182762146 59.98159337043762 820 4 FEMBEM3T 
-72.34522170576182 86.74095129966736 81.00677275657654 88 4 BEMBEMBEM80 
-67.98176207417916 78.07409739494324 72.17315769195557 82 4 BEMBEMBEM10 
-72.34694448156907 97.76685643196106 79.35029721260071 312 4 BEMFEMBEMC80 
-67.99555993266769 61.73039960861206 41.473939418792725 143 4 BEMFEMBEMC10 
-71.49076690472845 151.12252831459045 57.92456769943237 222 4 BEMFEMBEMVL 
-67.83090983276536 67.89315056800842 46.10351014137268 145 4 BEMFEMBEMVR 
-72.43346209733937 82.33109426498413 72.70036339759827 56 5 BEMBEMNR 
-72.43345535676065 80.61922073364258 51.986305475234985 50 5 BEMBEMR 
-72.4334553225182 155.1270694732666 109.29622650146484 268 5 BEMBEM3T 
-72.43390200337068 88.78996920585632 60.87360334396362 376 5 FEMBEMNR 
-72.43402644329844 208.70198011398315 172.00945925712585 820 5 FEMBEMR 
-72.29761784280544 483.3857958316803 448.5960576534271 2475 5 FEMBEM3T 
-72.33079823059566 309.39159202575684 298.8376142978668 98 5 BEMBEMBEM80 
-67.9694581631373 284.78473591804504 274.9078207015991 81 5 BEMBEMBEM10 
-72.33181671362982 301.84075903892517 239.83847403526306 348 5 BEMFEMBEMC80 
-67.9775878996759 213.36190938949585 150.07659268379211 216 5 BEMFEMBEMC10 
-71.35018930640639 572.4142320156097 170.91354751586914 280 5 BEMFEMBEMVL 
-67.81283030817097 215.56131505966187 145.92941212654114 218 5 BEMFEMBEMVR 
